% SIZRS 2014 Mission#4          September AXCTDs
%                                 
% drop   serialno    latitude   longitude       date           time
  1      13083298    72  05.4   150  01.8       2014   9  24   1221
  2      14041019    72  59.7   149  59.8       2014   9  24   1252
  3      13072499    74  00.0   150  00.5       2014   9  24   1322
  4      13083300    74  58.0   149  54.3       2014   9  24   1347
  5      13083299    75  57.2   149  52.7       2014   9  24   1412
  6      14067495    77  08.5   149  29.3       2014   9  24   1438
  7      14067492    75  57.3   140  22.5       2014   9  26   1334

