% SIZRS 2015 Mission#4          September AXCTDs
%                                 
% drop   serialno    latitude   longitude       date           time
  1      15031579    72  00.4   149  57.2       2015   9   9   2240
  2      15031562    73  00.1   150  00.4       2015   9   9   2304
  3      15031564    74  00.1   150  00.2       2015   9   9   2330
  4      15031578    75  00.0   150  00.0       2015   9   9   2356
  5      15031561    76  14.9   149  59.9       2015   9  10   0036
  6      15031563    76  59.8   139  59.4       2015   9  10   2219
  7      15031597    76  01.1   140  00.6       2015   9  10   2242
  8      14067487    75  00.0   140  00.1       2015   9  10   2305
  9      14067497    73  59.9   139  59.9       2015   9  10   2328
 10      14067486    72  59.5   139  59.9       2015   9  10   2352
 11      15031600    72  05.0   140  00.0       2015   9  11   0015

