% SIZRS 2014 Mission#3          August AXCTDs
%                                 
% drop   serialno    latitude   longitude       date           time
  1      13083290    72  00.3   150  00.3       2014   8  13   1515
  2      13072493    73  01.4   149  57.4       2014   8  13   1539
  3      13083292    74  02.9   149  57.4       2014   8  13   1608
  4      13083293    74  59.1   150  09.9       2014   8  13   1630
  5      13072500    75  56.9   149  53.9       2014   8  13   1650
  7      13083294    71  56.1   141  02.5       2014   8  14   1407
  8      13083295    73  02.6   140  49.2       2014   8  14   1435
  9      13072497    73  58.6   141  15.1       2014   8  14   1500
 10      13072498    74  53.0   141  00.8       2014   8  14   1519
