% SIZRS 2016 Mission#5         October 6 AXCTDs
%                                 
% drop   serialno    latitude   longitude       date           time
  1      15126167    72  00.0   150  00.0       2016  10   6   2036    10000    1709    5
  2      15126173    73  00.3   149  59.8       2016  10   6   2059    10000    1709    5
  3      15126175    74  00.4   150  00.0       2016  10   6   2122    10000    1709    5
  4      15126174    74  59.0   150  00.4       2016  10   6   2145    10000    1709    5
  5      15126170    76  01.0   149  59.7       2016  10   6   2214    10000    1709    5
  6      15126171    77  03.2   149  59.2       2016  10   6   2239    10000    1709    5

