% SIZRS 2018 Mission#4          September18 AXCTDs
%                                 
% drop   serialno    latitude   longitude      date           time
  1      16124213    72  06.2    150  14.0       2018   9  18   2039    10000    1713    4    1100.0
  2      16124235    73  01.4    149  52.9       2018   9  18   2103    10000    1713    4    1100.0
  3      16124234    74  01.4    150  02.0       2018   9  18   2141    10000    1713    4    1100.0
  4      16124226    75  00.1    150  00.0       2018   9  18   2203    10000    1713    4    1100.0
  5      16124227    76  00.2    150  00.0       2018   9  18   2225    10000    1713    4    1100.0
  6      16124228    77  07.7    149  58.4       2018   9  18   2257    10000    1713    4    1100.0
  7      16124229    77  53.1    149  24.8       2018   9  18   2318    10000    1713    4    1100.0
  
  
