% SIZRS 2018 Mission#1          May31-June1 AXCTDs
%                                 
% drop   serialno    latitude    longitude       date            time
  1      15126161    75  58.05   149  59.23       2018   5  31   2350    10000    56    1
  2      15126157    75  01.55   150  06.15       2018   6   1   0022    10000    56    1
  3      15126156    74  00.55   149  51.60       2018   6   1   0054    10000    56    1
  4      15126160    73  05.79   150  02.34       2018   6   1   0121    10000    56    1
  5      15126162    71  55.82   150  49.77       2018   6   1   0207    10000    56    1
  6      15126163    71  56.21   151  36.70       2018   6   1   0215    10000    56    1

