% SIZRS 2019 Mission#2          July10 AXCTDs
% Positions in degree - minutes - seconds
%                                 
% drop   serialno    latitude      longitude(w)    date           time
  1      17121458    71 59 29.04   150 00 52.11    2019   7  10   1938    10000    2006    2    1100.0
  2      17121461    73 00 11.08   150 00 06.92    2019   7  10   2008    10000    2006    2    1100.0
  3      17121462    73 59 30.64   150 00 26.94    2019   7  10   2033    10000    2006    2    1100.0
  4      17121463    74 59 52.29   149 57 01.81    2019   7  10   2100    10000    2006    2    1100.0
  5      17121459    75 58 24.00   149 43 21.00    2019   7  10   2134    10000    2006    2    1100.0
  
  
