% SIZRS 2015 Mission#1          July 14 AXCTDs
%                                 
% drop   serialno    latitude   longitude       date           time
  1      15031575    75  52.1   151  08.8       2015   7  14   2306
  2      15031573    74  57.9   149  58.9       2015   7  14   2335
  3      15031574    00  00.0   150  16.5       2015   7  14   2358
  4      15031572    74  07.2   150  15.2       2015   7  15   0009
  5      15031571    73  03.3   150  07.6       2015   7  15   0032
  6      14067489    00  00.0   150  00.0       2015   7  15   0100
  7      14067490    72  00.0   150  00.0       2015   7  15   0100
  8      14067488    00  00.0   150  00.0       2015   7  15   0100
  
