% SIZRS 2019 Mission#3           Aug14 AXCTDs
% Positions in degree - minutes - seconds
%                                 
% drop   serialno    latitude      longitude(w)    date           time
  9      16124224    72 03 14   150 00 01    2019   8  15   0122    10000    2011    3    1100.0
  4      17121455    74 00 04   150 00 06    2019   8  14   2121    10000    2011    3    1100.0
  5      17121457    75 00 04   150 00 06    2019   8  14   2200    10000    2011    3    1100.0
  6      17121456    75 58 32   150 00 03    2019   8  14   2227    10000    2011    3    1100.0
  7      17121454    76 58 13   149 59 35    2019   8  14   2254    10000    2011    3    1100.0
  8      17121464    77 43 47   150 00 53    2019   8  14   2316    10000    2011    3    1100.0
  
  
    