% SIZRS 2017 Mission#3          August 17 AXCTDs
%                                 
% drop   serialno    latitude   longitude       date           time
  1      16124215    77  46.4   150  00.1       2017   8  17   2207    10000    1702    3
  2      16124218    77  04.8   149  59.7       2017   8  17   2223    10000    1702    3
  3      16124211    76  00.2   150  00.2       2017   8  17   2244    10000    1702    3
  4      16124212    74  59.8   150  00.3       2017   8  17   2305    10000    1702    3
  5      16124231    73  59.3   149  59.9       2017   8  17   2327    10000    1702    3
  6      15126164    72  59.9   149  59.9       2017   8  17   2347    10000    1702    3
  7      16124214    71  59.9   149  59.9       2017   8  18   0008    10000    1702    3

