% SIZRS 2019 Mission#4           Sept12 AXCTDs
% Positions in degree - minutes - seconds
%                                 
% drop   serialno    latitude      longitude(w)    date           time
%  1      17121356    72 00 25   150  0 17    2019   9  12   2017    10000    2002    4    1100.0   Failure
%  2      17121360    71 58  7   150  1 57    2019   9  12   2032    10000    2002    4    1100.0   Failure
 11      17121363    72  4 41   149 32 24    2019   9  13   0233    10000    2002    4    1100.0
  3      17121357    72 59 15   149 59 42    2019   9  12   2106    10000    2002    4    1100.0
  4      17121361    73 59 56   150  0  3    2019   9  12   2131    10000    2002    4    1100.0
  5      17035288    74 59 47   150  0 13    2019   9  12   2200    10000    2002    4    1100.0
  6      17121362    75 59 56   150  0 13    2019   9  12   2226    10000    2002    4    1100.0
  7      17121465    76 58 49   150 00  1    2019   9  12   2249    10000    2002    4    1100.0
  8      17121366    77 59 22   149 59 59    2019   9  12   2317    10000    2002    4    1100.0
  9      17121365    78 58 31   150 22 37    2019   9  12   2342    10000    2002    4    1100.0
 10      17121364    80  0 32   149 50  5    2019   9  13   0007    10000    2002    4    1100.0

