% SIZRS 2013 Mission#1          June AXCTDs
%                                 
% drop   serialno    latitude   longitude       date           time
 1       12068101    75  19.6   139  39.1       2013   6  19   2039
 2       12110105    74  58.0   139  32.0       2013   6  19   2057
 3       12068102    73  52.0   139  49.0       2013   6  19   2123
 4       12068100    72  52.0   139  59.0       2013   6  19   2150
 5       12110101    71  59.0   139  48.0       2013   6  19   2218
 6       12110102    77  03.0   149- 59.0       2013   6  20   2008
 8       13041227    75  59.0   150  11.0       2013   6  20   2050
10       13041225    75  05.0   150  15.0       2013   6  20   2130
12       13041228    73  59.0   150  00.0       2013   6  20   2201
15       13041221    72  00.0   149  57.0       2013   6  20   2307

