% SIZRS 2013 Mission#3          August AXCTDs
%                                 
% drop   serialno    latitude   longitude       date           time
  1      13072485    72  42.6   151  21.8       2013  08  13   2200
  2      13072482    71  59.0   139  58.0       2013  08  15   1751
  3      13072483    72  58.0   140  01.0       2013  08  15   1814
  6      13072486    75  57.0   150  02.0       2013  08  16   1538
  7      13072491    75  04.0   150  00.0       2013  08  16   1606
  8      13072489    74  00.0   149  49.0       2013  08  16   1633
  9      13072488    72  00.0   150  00.0       2013  08  16   1712

