% SIZRS 2014 Mission#2          July AXCTDs
%                                 
% drop serialno    latitude     longitude         date           time
 2     13072480    71  51.300   150  01.300       2014   7  23   1823
 3     13072478    73  00.300   149  50.900       2014   7  23   1852
 4     13072479    73  59.600   150  00.900       2014   7  23   1924
 5     13083289    74  56.100   149  37.700       2014   7  23   1950
 6     13072468    75  58.300   149  54.000       2014   7  23   2014
 7     13072471    72  03.500   141  28.100       2014   7  24   1821
 8     13072472    72  56.400   139  52.800       2014   7  24   1853
 9     13072496    73  59.300   139  57.000       2014   7  24   1920
10     13072495    74  57.100   140  04.500       2014   7  24   1951
11     13072494    76  00.100   140  21.000       2014   7  24   2020
 