% SIZRS 2018 Mission#5          October9 AXCTDs
%                                 
% drop   serialno    latitude    longitude       date           time
  1      16124230    71  54.7    149  55.0       2018  10   9   2100    10000    1713    5    1100.0
  2      16124203    72  55.5    150  00.1       2018  10   9   2132    10000    1713    5    1100.0
  3      16124202    74  00.1    150  06.3       2018  10   9   2203    10000    1713    5    1100.0
  4      16124201    74  59.9    150  00.0       2018  10   9   2231    10000    1713    5    1100.0
  6      16124205    75  58.9    149  58.0       2018  10   9   2306    10000    1713    5    1100.0
  7      16124208    77  00.3    150  00.4       2018  10   9   2333    10000    1713    5    1100.0
  9      16124226    77  41.4    149  49.5       2018  10  10   0006    10000    1713    5    1100.0
  
  
