% SIZRS 2015 Mission#3          August AXCTDs
%                                 
% drop   serialno     latitude   longitude       date           time
  1      15031585     71  54.8   142  05.2       2015   8  11   1837    
  2      15031576     72  59.3   142  00.2       2015   8  11   1919    
  3      15031566     74  00.1   142  00.4       2015   8  11   1947    
  4      15031584     75  00.1   141  59.9       2015   8  11   2011    
  5      15031583     76  00.5   142  00.1       2015   8  11   2036    
  6      15031582     71  59.8   149  58.0       2015   8  12   1934    
  7      15031577     72  56.5   150  00.8       2015   8  12   1954    
  8      15031587     74  02.4   150  00.8       2015   8  12   2019    DUD
  9      15031581     73  58.4   149  49.8       2015   8  12   2029    
 10      15031588     75  00.6   149  52.9       2015   8  12   2049    
 11      15031586     76  02.6   150  00.2       2015   8  12   2109    
 12      15031589     76  57.5   150  00.8       2015   8  12   2127    

