% SIZRS 2019 Mission#5           Oct10 AXCTDs
% Positions in degree - minutes - seconds
%                                 
% drop   serialno    latitude      longitude(w)    date           time
  1      19072035    71 59 52   150  0  6    2019  10  10   1806    10000    2011    5    1100.0
  2      19072034    72 59 53   149 59 58    2019  10  10   1831    10000    2011    5    1100.0
  3      19072033    74  0 14   150  0 10    2019  10  10   1855    10000    2011    5    1100.0
  4      19072032    75  0  4   150  0  4    2019  10  10   1922    10000    2011    5    1100.0
  5      19072031    76  0  8   149 59 57    2019  10  10   1949    10000    2011    5    1100.0
  6      19072036    77  0  6   150  0  0    2019  10  10   2016    10000    2011    5    1100.0
%  7      17121341    78  1 25   150  3 14    2019  10  10   2046    10000    2011    5    1100.0   % Dud

